1	0	3078282.nxml	1	0.144567
1	0	2635122.nxml	2	0.056215
1	0	2737775.nxml	3	0.054348
1	0	3199072.nxml	4	0.039072
1	0	3259311.nxml	5	0.038059
1	0	1852545.nxml	6	0.030125
1	0	130966.nxml	7	0.026990
1	0	2887806.nxml	8	0.018024
1	0	2244628.nxml	9	0.016900
1	0	2567299.nxml	10	0.015516
1	0	2232040.nxml	11	0.011562
1	0	2267791.nxml	12	0.008376
1	0	2627179.nxml	13	0.005508
1	0	2729419.nxml	14	0.004537
1	0	1994002.nxml	15	0.003342
1	0	2567289.nxml	16	0.001718
1	0	2567096.nxml	17	0.000475
1	0	1942180.nxml	18	0.000083
end
2	0	2567299.nxml	1	0.033931
2	0	3078282.nxml	2	0.018974
2	0	2737775.nxml	3	0.014420
2	0	130966.nxml	4	0.012362
2	0	2887806.nxml	5	0.008830
2	0	2627179.nxml	6	0.007744
2	0	1852545.nxml	7	0.007637
2	0	2635122.nxml	8	0.007424
2	0	2567289.nxml	9	0.007380
2	0	3199072.nxml	10	0.006816
2	0	2232040.nxml	11	0.005489
2	0	3259311.nxml	12	0.004234
2	0	2244628.nxml	13	0.004221
2	0	2567096.nxml	14	0.003717
2	0	2267791.nxml	15	0.000955
2	0	2729419.nxml	16	0.000832
2	0	1994002.nxml	17	0.000317
2	0	1942180.nxml	18	0.000052
end
3	0	2567299.nxml	1	0.093679
3	0	2635122.nxml	2	0.039353
3	0	2887806.nxml	3	0.039097
3	0	3259311.nxml	4	0.035154
3	0	2244628.nxml	5	0.023632
3	0	2627179.nxml	6	0.016111
3	0	3078282.nxml	7	0.014889
3	0	3199072.nxml	8	0.012966
3	0	2737775.nxml	9	0.011970
3	0	1852545.nxml	10	0.009250
3	0	130966.nxml	11	0.006499
3	0	2267791.nxml	12	0.005457
3	0	2232040.nxml	13	0.003725
3	0	2567289.nxml	14	0.003591
3	0	1942180.nxml	15	0.003314
3	0	2729419.nxml	16	0.002386
3	0	2567096.nxml	17	0.002177
3	0	1994002.nxml	18	0.001785
end
4	0	3078282.nxml	1	0.086123
4	0	3259311.nxml	2	0.074753
4	0	2567299.nxml	3	0.071844
4	0	2267791.nxml	4	0.064036
4	0	3199072.nxml	5	0.056161
4	0	1852545.nxml	6	0.051168
4	0	2729419.nxml	7	0.027689
4	0	2737775.nxml	8	0.022072
4	0	2887806.nxml	9	0.018307
4	0	2635122.nxml	10	0.011974
4	0	130966.nxml	11	0.011615
4	0	2232040.nxml	12	0.009592
4	0	2244628.nxml	13	0.007289
4	0	2567289.nxml	14	0.004298
4	0	1994002.nxml	15	0.004019
4	0	2567096.nxml	16	0.003851
4	0	2627179.nxml	17	0.003202
4	0	1942180.nxml	18	0.000058
end
5	0	2244628.nxml	1	0.200927
5	0	2567096.nxml	2	0.068714
5	0	2627179.nxml	3	0.062765
5	0	3199072.nxml	4	0.017842
5	0	2887806.nxml	5	0.015059
5	0	1852545.nxml	6	0.013988
5	0	2737775.nxml	7	0.010219
5	0	3078282.nxml	8	0.009239
5	0	2232040.nxml	9	0.008967
5	0	3259311.nxml	10	0.008616
5	0	2635122.nxml	11	0.005862
5	0	2567289.nxml	12	0.005284
5	0	2267791.nxml	13	0.005015
5	0	130966.nxml	14	0.004830
5	0	1994002.nxml	15	0.002096
5	0	2729419.nxml	16	0.002045
5	0	2567299.nxml	17	0.001929
5	0	1942180.nxml	18	0.000288
end
6	0	2244628.nxml	1	0.134942
6	0	1942180.nxml	2	0.110432
6	0	1994002.nxml	3	0.050782
6	0	2567299.nxml	4	0.025337
6	0	2635122.nxml	5	0.023619
6	0	1852545.nxml	6	0.022847
6	0	3199072.nxml	7	0.021446
6	0	3078282.nxml	8	0.020618
6	0	2627179.nxml	9	0.017040
6	0	130966.nxml	10	0.014872
6	0	2729419.nxml	11	0.012157
6	0	2267791.nxml	12	0.011702
6	0	3259311.nxml	13	0.010632
6	0	2887806.nxml	14	0.008327
6	0	2567289.nxml	15	0.006726
6	0	2232040.nxml	16	0.006381
6	0	2737775.nxml	17	0.005312
6	0	2567096.nxml	18	0.001946
end
7	0	1852545.nxml	1	0.007293
7	0	2232040.nxml	2	0.006274
7	0	2635122.nxml	3	0.006096
7	0	2737775.nxml	4	0.004682
7	0	2567289.nxml	5	0.003239
7	0	2887806.nxml	6	0.002373
7	0	130966.nxml	7	0.002216
7	0	2244628.nxml	8	0.001433
7	0	3259311.nxml	9	0.000782
7	0	1994002.nxml	10	0.000587
7	0	3078282.nxml	11	0.000425
7	0	3199072.nxml	12	0.000408
7	0	2267791.nxml	13	0.000319
7	0	2627179.nxml	14	0.000247
7	0	2729419.nxml	15	0.000220
7	0	2567299.nxml	16	0.000048
7	0	1942180.nxml	17	0.000045
7	0	2567096.nxml	18	0.000042
end
8	0	2244628.nxml	1	0.074052
8	0	3259311.nxml	2	0.027425
8	0	2567299.nxml	3	0.025561
8	0	2635122.nxml	4	0.020413
8	0	2627179.nxml	5	0.019108
8	0	2567289.nxml	6	0.017626
8	0	2729419.nxml	7	0.017319
8	0	3199072.nxml	8	0.012645
8	0	2737775.nxml	9	0.010848
8	0	3078282.nxml	10	0.004822
8	0	1852545.nxml	11	0.004570
8	0	2232040.nxml	12	0.002734
8	0	2567096.nxml	13	0.001447
8	0	1994002.nxml	14	0.001151
8	0	2887806.nxml	15	0.001124
8	0	130966.nxml	16	0.000204
8	0	2267791.nxml	17	0.000059
8	0	1942180.nxml	18	0.000052
end
9	0	2244628.nxml	1	0.124827
9	0	2627179.nxml	2	0.025816
9	0	1852545.nxml	3	0.015277
9	0	3199072.nxml	4	0.004760
9	0	2567289.nxml	5	0.004108
9	0	2567299.nxml	6	0.003837
9	0	2887806.nxml	7	0.002875
9	0	3259311.nxml	8	0.001903
9	0	3078282.nxml	9	0.001378
9	0	130966.nxml	10	0.001206
9	0	2232040.nxml	11	0.000675
9	0	2729419.nxml	12	0.000492
9	0	2267791.nxml	13	0.000292
9	0	2635122.nxml	14	0.000169
9	0	2737775.nxml	15	0.000087
9	0	1942180.nxml	16	0.000067
9	0	1994002.nxml	17	0.000028
9	0	2567096.nxml	18	0.000007
end
10	0	2635122.nxml	1	0.068920
10	0	3078282.nxml	2	0.030592
10	0	2737775.nxml	3	0.024267
10	0	3259311.nxml	4	0.021957
10	0	1852545.nxml	5	0.020027
10	0	2627179.nxml	6	0.019510
10	0	2887806.nxml	7	0.014008
10	0	2267791.nxml	8	0.010889
10	0	2567289.nxml	9	0.007982
10	0	2244628.nxml	10	0.007178
10	0	130966.nxml	11	0.007116
10	0	2729419.nxml	12	0.004740
10	0	2232040.nxml	13	0.003897
10	0	3199072.nxml	14	0.003467
10	0	1942180.nxml	15	0.003135
10	0	1994002.nxml	16	0.002956
10	0	2567096.nxml	17	0.000477
10	0	2567299.nxml	18	0.000052
end
11	0	1858696.nxml	1	0.060201
11	0	3150839.nxml	2	0.057949
11	0	2443793.nxml	3	0.036050
11	0	2254639.nxml	4	0.026449
11	0	2559826.nxml	5	0.013868
11	0	1794449.nxml	6	0.012199
11	0	2572586.nxml	7	0.012048
11	0	2994656.nxml	8	0.011109
11	0	2518380.nxml	9	0.007729
11	0	2254469.nxml	10	0.007328
11	0	3782364.nxml	11	0.003579
11	0	3806164.nxml	12	0.001996
11	0	2828440.nxml	13	0.001035
11	0	2627525.nxml	14	0.000895
11	0	2246105.nxml	15	0.000768
11	0	1866702.nxml	16	0.000743
11	0	2609891.nxml	17	0.000673
11	0	2496697.nxml	18	0.000066
end
12	0	2246105.nxml	1	0.009405
12	0	2994656.nxml	2	0.008844
12	0	2443793.nxml	3	0.007520
12	0	2559826.nxml	4	0.007321
12	0	1794449.nxml	5	0.004953
12	0	3150839.nxml	6	0.004462
12	0	2254639.nxml	7	0.004201
12	0	3782364.nxml	8	0.003734
12	0	2254469.nxml	9	0.001469
12	0	1858696.nxml	10	0.001143
12	0	2572586.nxml	11	0.001128
12	0	2609891.nxml	12	0.000659
12	0	3806164.nxml	13	0.000607
12	0	2828440.nxml	14	0.000387
12	0	2518380.nxml	15	0.000246
12	0	2627525.nxml	16	0.000040
12	0	2496697.nxml	17	0.000037
12	0	1866702.nxml	18	0.000023
end
13	0	1794449.nxml	1	0.021572
13	0	2994656.nxml	2	0.016915
13	0	2559826.nxml	3	0.007622
13	0	2254639.nxml	4	0.004663
13	0	2246105.nxml	5	0.004283
13	0	2254469.nxml	6	0.003867
13	0	3150839.nxml	7	0.003571
13	0	2443793.nxml	8	0.003533
13	0	2627525.nxml	9	0.002950
13	0	3782364.nxml	10	0.002321
13	0	2572586.nxml	11	0.001927
13	0	1858696.nxml	12	0.001117
13	0	3806164.nxml	13	0.001063
13	0	2828440.nxml	14	0.001020
13	0	2518380.nxml	15	0.000496
13	0	2609891.nxml	16	0.000226
13	0	2496697.nxml	17	0.000123
13	0	1866702.nxml	18	0.000006
end
14	0	2994656.nxml	1	0.120953
14	0	2443793.nxml	2	0.076665
14	0	2518380.nxml	3	0.043315
14	0	2627525.nxml	4	0.039987
14	0	3150839.nxml	5	0.038577
14	0	2559826.nxml	6	0.034803
14	0	2496697.nxml	7	0.025734
14	0	1794449.nxml	8	0.020706
14	0	2828440.nxml	9	0.016717
14	0	2609891.nxml	10	0.012337
14	0	1858696.nxml	11	0.011177
14	0	2254469.nxml	12	0.008045
14	0	3806164.nxml	13	0.005799
14	0	2254639.nxml	14	0.005109
14	0	3782364.nxml	15	0.003876
14	0	2246105.nxml	16	0.002629
14	0	2572586.nxml	17	0.001786
14	0	1866702.nxml	18	0.000234
end
15	0	2254639.nxml	1	0.054225
15	0	3150839.nxml	2	0.046159
15	0	2572586.nxml	3	0.021368
15	0	2559826.nxml	4	0.015631
15	0	2518380.nxml	5	0.013239
15	0	2627525.nxml	6	0.008545
15	0	2994656.nxml	7	0.005777
15	0	1794449.nxml	8	0.005758
15	0	3806164.nxml	9	0.005079
15	0	3782364.nxml	10	0.004959
15	0	2246105.nxml	11	0.002029
15	0	2828440.nxml	12	0.001734
15	0	2443793.nxml	13	0.001364
15	0	2496697.nxml	14	0.001327
15	0	1858696.nxml	15	0.001160
15	0	2254469.nxml	16	0.000923
15	0	2609891.nxml	17	0.000879
15	0	1866702.nxml	18	0.000665
end
16	0	2254469.nxml	1	0.111696
16	0	2559826.nxml	2	0.064756
16	0	2627525.nxml	3	0.019712
16	0	3150839.nxml	4	0.015324
16	0	1858696.nxml	5	0.013562
16	0	2518380.nxml	6	0.013047
16	0	1794449.nxml	7	0.012900
16	0	2443793.nxml	8	0.010080
16	0	2254639.nxml	9	0.007878
16	0	2572586.nxml	10	0.007002
16	0	2828440.nxml	11	0.005235
16	0	2609891.nxml	12	0.005140
16	0	2994656.nxml	13	0.003725
16	0	3782364.nxml	14	0.003241
16	0	2246105.nxml	15	0.001754
16	0	3806164.nxml	16	0.001447
16	0	1866702.nxml	17	0.000209
16	0	2496697.nxml	18	0.000077
end
17	0	2609891.nxml	1	0.127687
17	0	3806164.nxml	2	0.095958
17	0	2254639.nxml	3	0.077477
17	0	3782364.nxml	4	0.049873
17	0	2559826.nxml	5	0.034021
17	0	2572586.nxml	6	0.026820
17	0	3150839.nxml	7	0.014821
17	0	2443793.nxml	8	0.007584
17	0	2246105.nxml	9	0.005071
17	0	2994656.nxml	10	0.005027
17	0	2254469.nxml	11	0.004234
17	0	1794449.nxml	12	0.004204
17	0	2518380.nxml	13	0.003142
17	0	2627525.nxml	14	0.002446
17	0	2828440.nxml	15	0.002380
17	0	1858696.nxml	16	0.002314
17	0	1866702.nxml	17	0.000851
17	0	2496697.nxml	18	0.000659
end
18	0	2559826.nxml	1	0.035368
18	0	3782364.nxml	2	0.015419
18	0	2627525.nxml	3	0.011938
18	0	2518380.nxml	4	0.007578
18	0	2254639.nxml	5	0.007514
18	0	2994656.nxml	6	0.006877
18	0	1794449.nxml	7	0.006496
18	0	2609891.nxml	8	0.004681
18	0	2572586.nxml	9	0.004614
18	0	3150839.nxml	10	0.004519
18	0	3806164.nxml	11	0.001881
18	0	1858696.nxml	12	0.001363
18	0	2828440.nxml	13	0.000896
18	0	2254469.nxml	14	0.000651
18	0	2443793.nxml	15	0.000505
18	0	2246105.nxml	16	0.000490
18	0	1866702.nxml	17	0.000299
18	0	2496697.nxml	18	0.000004
end
19	0	2254469.nxml	1	0.019125
19	0	2559826.nxml	2	0.015231
19	0	2443793.nxml	3	0.010266
19	0	2246105.nxml	4	0.009770
19	0	2518380.nxml	5	0.008280
19	0	3150839.nxml	6	0.006279
19	0	2828440.nxml	7	0.005825
19	0	3782364.nxml	8	0.004604
19	0	2994656.nxml	9	0.003597
19	0	2254639.nxml	10	0.002633
19	0	1866702.nxml	11	0.002112
19	0	3806164.nxml	12	0.001749
19	0	2572586.nxml	13	0.001727
19	0	2627525.nxml	14	0.001498
19	0	1858696.nxml	15	0.001221
19	0	1794449.nxml	16	0.001060
19	0	2609891.nxml	17	0.000903
19	0	2496697.nxml	18	0.000040
end
20	0	3150839.nxml	1	0.147394
20	0	2254639.nxml	2	0.064336
20	0	2443793.nxml	3	0.036444
20	0	2572586.nxml	4	0.033353
20	0	2518380.nxml	5	0.032968
20	0	2627525.nxml	6	0.029222
20	0	2994656.nxml	7	0.011159
20	0	1794449.nxml	8	0.009070
20	0	1858696.nxml	9	0.008452
20	0	2609891.nxml	10	0.006369
20	0	2559826.nxml	11	0.004989
20	0	3806164.nxml	12	0.004060
20	0	3782364.nxml	13	0.004012
20	0	2254469.nxml	14	0.003944
20	0	2246105.nxml	15	0.003912
20	0	2828440.nxml	16	0.002227
20	0	2496697.nxml	17	0.002065
20	0	1866702.nxml	18	0.000001
end
21	0	1964547.nxml	1	0.043419
21	0	2364167.nxml	2	0.016494
21	0	3356124.nxml	3	0.011232
21	0	1936313.nxml	4	0.009345
21	0	1976608.nxml	5	0.008054
21	0	1891278.nxml	6	0.007179
21	0	1853078.nxml	7	0.005516
21	0	3632172.nxml	8	0.005509
21	0	3537269.nxml	9	0.005257
21	0	3368296.nxml	10	0.002416
21	0	3337801.nxml	11	0.002352
21	0	3710774.nxml	12	0.000532
21	0	3666422.nxml	13	0.000530
21	0	3661963.nxml	14	0.000511
21	0	1468413.nxml	15	0.000310
21	0	3444845.nxml	16	0.000236
21	0	3461630.nxml	17	0.000098
21	0	3420498.nxml	18	0.000081
end
22	0	3444845.nxml	1	0.055697
22	0	1468413.nxml	2	0.013159
22	0	3632172.nxml	3	0.005661
22	0	3537269.nxml	4	0.005467
22	0	3661963.nxml	5	0.003247
22	0	3337801.nxml	6	0.002919
22	0	3461630.nxml	7	0.002636
22	0	3710774.nxml	8	0.002324
22	0	3368296.nxml	9	0.002218
22	0	1936313.nxml	10	0.002038
22	0	1976608.nxml	11	0.001908
22	0	3356124.nxml	12	0.000918
22	0	3420498.nxml	13	0.000730
22	0	1853078.nxml	14	0.000334
22	0	2364167.nxml	15	0.000302
22	0	3666422.nxml	16	0.000272
22	0	1891278.nxml	17	0.000263
22	0	1964547.nxml	18	0.000246
end
23	0	1891278.nxml	1	0.043704
23	0	3537269.nxml	2	0.006238
23	0	3632172.nxml	3	0.005772
23	0	3461630.nxml	4	0.005768
23	0	3368296.nxml	5	0.005415
23	0	1468413.nxml	6	0.004799
23	0	1936313.nxml	7	0.004028
23	0	3337801.nxml	8	0.002704
23	0	1853078.nxml	9	0.002545
23	0	2364167.nxml	10	0.002423
23	0	3666422.nxml	11	0.000988
23	0	1976608.nxml	12	0.000718
23	0	3710774.nxml	13	0.000359
23	0	1964547.nxml	14	0.000321
23	0	3661963.nxml	15	0.000318
23	0	3356124.nxml	16	0.000202
23	0	3420498.nxml	17	0.000185
23	0	3444845.nxml	18	0.000123
end
24	0	3444845.nxml	1	0.011155
24	0	1468413.nxml	2	0.007223
24	0	3420498.nxml	3	0.006158
24	0	3632172.nxml	4	0.005444
24	0	3537269.nxml	5	0.005417
24	0	3710774.nxml	6	0.003133
24	0	3461630.nxml	7	0.002707
24	0	3337801.nxml	8	0.002224
24	0	3661963.nxml	9	0.002216
24	0	3368296.nxml	10	0.002195
24	0	1936313.nxml	11	0.001289
24	0	3666422.nxml	12	0.000956
24	0	1976608.nxml	13	0.000824
24	0	3356124.nxml	14	0.000782
24	0	1853078.nxml	15	0.000713
24	0	1964547.nxml	16	0.000665
24	0	1891278.nxml	17	0.000375
24	0	2364167.nxml	18	0.000031
end
25	0	3368296.nxml	1	0.014749
25	0	3632172.nxml	2	0.014500
25	0	3537269.nxml	3	0.013752
25	0	1468413.nxml	4	0.011461
25	0	3420498.nxml	5	0.005741
25	0	1853078.nxml	6	0.003622
25	0	3356124.nxml	7	0.003183
25	0	1976608.nxml	8	0.002684
25	0	1936313.nxml	9	0.002504
25	0	3444845.nxml	10	0.001927
25	0	3337801.nxml	11	0.001551
25	0	3461630.nxml	12	0.001523
25	0	3666422.nxml	13	0.000981
25	0	1891278.nxml	14	0.000806
25	0	3661963.nxml	15	0.000765
25	0	1964547.nxml	16	0.000623
25	0	2364167.nxml	17	0.000369
25	0	3710774.nxml	18	0.000317
end
26	0	3337801.nxml	1	0.039690
26	0	3632172.nxml	2	0.020845
26	0	3537269.nxml	3	0.019371
26	0	1891278.nxml	4	0.013438
26	0	3444845.nxml	5	0.011906
26	0	1936313.nxml	6	0.005056
26	0	3368296.nxml	7	0.004897
26	0	3356124.nxml	8	0.004673
26	0	1964547.nxml	9	0.003274
26	0	3661963.nxml	10	0.002946
26	0	2364167.nxml	11	0.001635
26	0	3420498.nxml	12	0.001613
26	0	1468413.nxml	13	0.001527
26	0	1853078.nxml	14	0.001416
26	0	1976608.nxml	15	0.000775
26	0	3666422.nxml	16	0.000551
26	0	3461630.nxml	17	0.000211
26	0	3710774.nxml	18	0.000038
end
27	0	3661963.nxml	1	0.146713
27	0	3666422.nxml	2	0.097264
27	0	1468413.nxml	3	0.072057
27	0	3710774.nxml	4	0.065672
27	0	3356124.nxml	5	0.059194
27	0	1853078.nxml	6	0.046936
27	0	3368296.nxml	7	0.035321
27	0	1964547.nxml	8	0.034914
27	0	1936313.nxml	9	0.020336
27	0	3420498.nxml	10	0.013942
27	0	3632172.nxml	11	0.011707
27	0	3537269.nxml	12	0.011605
27	0	2364167.nxml	13	0.009834
27	0	3461630.nxml	14	0.004324
27	0	3444845.nxml	15	0.001527
27	0	1891278.nxml	16	0.001265
27	0	1976608.nxml	17	0.001145
27	0	3337801.nxml	18	0.000734
end
28	0	3444845.nxml	1	0.183252
28	0	3356124.nxml	2	0.170713
28	0	3337801.nxml	3	0.165061
28	0	3420498.nxml	4	0.105691
28	0	3461630.nxml	5	0.085869
28	0	3632172.nxml	6	0.033880
28	0	3537269.nxml	7	0.033344
28	0	3368296.nxml	8	0.011025
28	0	3710774.nxml	9	0.002575
28	0	1468413.nxml	10	0.002365
28	0	1891278.nxml	11	0.002258
28	0	1936313.nxml	12	0.001742
28	0	1853078.nxml	13	0.001382
28	0	1976608.nxml	14	0.001136
28	0	1964547.nxml	15	0.001107
28	0	3661963.nxml	16	0.001000
28	0	2364167.nxml	17	0.000796
28	0	3666422.nxml	18	0.000016
end
29	0	3632172.nxml	1	0.175565
29	0	3537269.nxml	2	0.172729
29	0	3368296.nxml	3	0.013212
29	0	3356124.nxml	4	0.008241
29	0	2364167.nxml	5	0.002937
29	0	1936313.nxml	6	0.002826
29	0	1891278.nxml	7	0.002117
29	0	3666422.nxml	8	0.002032
29	0	1468413.nxml	9	0.001939
29	0	1964547.nxml	10	0.001451
29	0	1976608.nxml	11	0.001147
29	0	3420498.nxml	12	0.001045
29	0	3337801.nxml	13	0.000872
29	0	3710774.nxml	14	0.000870
29	0	3661963.nxml	15	0.000493
29	0	1853078.nxml	16	0.000305
29	0	3444845.nxml	17	0.000062
29	0	3461630.nxml	18	0.000055
end
30	0	3632172.nxml	1	0.018511
30	0	3537269.nxml	2	0.016969
30	0	3356124.nxml	3	0.009852
30	0	3420498.nxml	4	0.009034
30	0	3461630.nxml	5	0.005995
30	0	3444845.nxml	6	0.005135
30	0	1936313.nxml	7	0.003468
30	0	3368296.nxml	8	0.002748
30	0	1976608.nxml	9	0.001230
30	0	3710774.nxml	10	0.001075
30	0	1964547.nxml	11	0.000925
30	0	2364167.nxml	12	0.000796
30	0	1468413.nxml	13	0.000755
30	0	3661963.nxml	14	0.000754
30	0	1853078.nxml	15	0.000673
30	0	3337801.nxml	16	0.000608
30	0	3666422.nxml	17	0.000498
30	0	1891278.nxml	18	0.000347
end
